id
123,Evandro Neris,Javascript, 23
321, Xuxa silva, teste, 80
231, Joaosiznho, java, 30